	-0.0000	-0.0009	-0.0045	-0.0025	-0.0044	-0.0132	-0.0091	-0.0356	-0.0587	-0.1222	-0.1206	-0.2250	-0.1719	-0.2616	-0.2727	-0.2228	0.0278	0.1636	0.3138	0.2699	0.5398	0.3416	0.1919	-0.0147	-0.0000	-0.1548	-0.1183	-0.0911	-0.0450	-0.0249	-0.0051	-0.0000
	-0.0000	-0.0003	-0.0010	-0.0045	-0.0039	-0.0176	-0.0326	-0.0741	-0.0787	-0.1561	-0.1258	-0.2012	-0.2195	-0.1871	0.0244	0.1493	0.2986	0.2681	0.5611	0.3730	0.2212	-0.0180	-0.0001	-0.2228	-0.1906	-0.1710	-0.1058	-0.0854	-0.0403	-0.0233	-0.0043	-0.0000
	-0.0000	-0.0005	-0.0009	-0.0061	-0.0141	-0.0373	-0.0443	-0.0959	-0.0831	-0.1413	-0.1628	-0.1457	0.0199	0.1270	0.2649	0.2479	0.5408	0.3752	0.2329	-0.0199	-0.0001	-0.2766	-0.2543	-0.2493	-0.1726	-0.1622	-0.0958	-0.0808	-0.0344	-0.0137	0.0092	0.0000
	-0.0000	-0.0006	-0.0033	-0.0129	-0.0192	-0.0483	-0.0469	-0.0871	-0.1078	-0.1027	0.0148	0.0992	0.2165	0.2115	0.4812	0.3480	0.2252	-0.0201	-0.0001	-0.3068	-0.2978	-0.3104	-0.2310	-0.2372	-0.1568	-0.1541	-0.0822	-0.0479	0.0736	0.0890	-0.0132	-0.0000
	-0.0000	-0.0013	-0.0043	-0.0160	-0.0195	-0.0421	-0.0583	-0.0607	0.0094	0.0670	0.1544	0.1584	0.3772	0.2847	0.1921	-0.0179	-0.0001	-0.2969	-0.3015	-0.3301	-0.2593	-0.2832	-0.2012	-0.2160	-0.1289	-0.0875	0.1684	0.2974	-0.1009	-0.0507	-0.0070	-0.0000
	-0.0000	-0.0015	-0.0041	-0.0128	-0.0222	-0.0270	0.0047	0.0364	0.0901	0.0984	0.2472	0.1959	0.1383	-0.0135	-0.0001	-0.2425	-0.2568	-0.2935	-0.2413	-0.2767	-0.2075	-0.2369	-0.1520	-0.1127	0.2427	0.4993	-0.2122	-0.1557	-0.0487	-0.0099	-0.0023	-0.0000
	-0.0000	-0.0011	-0.0045	-0.0079	0.0017	0.0155	0.0431	0.0513	0.1386	0.1169	0.0871	-0.0089	-0.0000	-0.1752	-0.1934	-0.2303	-0.1974	-0.2364	-0.1855	-0.2224	-0.1507	-0.1188	0.2750	0.6180	-0.2939	-0.2512	-0.0984	-0.0291	-0.0158	-0.0089	-0.0019	-0.0000
	-0.0000	-0.0007	0.0004	0.0047	0.0162	0.0225	0.0681	0.0627	0.0502	-0.0055	-0.0000	-0.1192	-0.1376	-0.1711	-0.1529	-0.1908	-0.1561	-0.1954	-0.1385	-0.1147	0.2803	0.6700	-0.3425	-0.3197	-0.1402	-0.0482	-0.0328	-0.0270	-0.0132	-0.0063	-0.0012	-0.0000
	0.0000	0.0004	0.0035	0.0072	0.0272	0.0292	0.0262	-0.0031	-0.0000	-0.0776	-0.0947	-0.1236	-0.1156	-0.1505	-0.1284	-0.1675	-0.1238	-0.1070	0.2737	0.6869	-0.3707	-0.3680	-0.1735	-0.0652	-0.0496	-0.0477	-0.0292	-0.0204	-0.0092	-0.0053	-0.0010	-0.0000
	0.0000	0.0007	0.0064	0.0100	0.0112	-0.0016	-0.0000	-0.0473	-0.0621	-0.0862	-0.0851	-0.1164	-0.1039	-0.1415	-0.1090	-0.0982	0.2618	0.6861	-0.3875	-0.4040	-0.2010	-0.0804	-0.0657	-0.0690	-0.0473	-0.0386	-0.0216	-0.0184	-0.0076	-0.0043	-0.0007	-0.0000
